xof 0303txt 0032

Frame Scene_Root {
 

 FrameTransformMatrix {
  1.000000,0.000000,0.000000,0.000000,0.000000,1.000000,0.000000,0.000000,0.000000,0.000000,1.000000,0.000000,0.000000,0.000000,0.000000,1.000000;;
 }

 Frame Terrain {
  FrameTransformMatrix {
   1.000000,0.000000,0.000000,0.000000,0.000000,1.000000,0.000000,0.000000,0.000000,0.000000,1.000000,0.000000,0.000000,0.000000,0.000000,1.000000;;
  }
  FrameMeshName {  0; "skybox01.x"; }
  FrameMeshName {  1; "Terrain01.x"; }
 }

 Frame Gazebo01 {
  FrameTransformMatrix {
   -0.398166,0.000000,0.917313,0.000000,0.000000,1.000000,0.000000,0.000000,-0.917313,0.000000,-0.398166,0.000000,-40.864445,-0.500000,-34.707424,1.000000;;
  }
  FrameMeshName {  1; "Gazebo01.x"; }
 }

 Frame Pine01 {
  

  FrameTransformMatrix {
   0.888277,0.000000,0.000000,0.000000,0.000000,0.888142,-0.015503,0.000000,0.000000,0.015503,0.888142,0.000000,-36.420036,-0.500000,-16.522860,1.000000;;
  }
  FrameMeshName {  1; "Pine04.x"; }
 }

 Frame Pine02 {
  

  FrameTransformMatrix {
   -0.810759,0.016705,0.589207,0.000000,0.003093,0.956885,-0.023447,0.000000,-0.633681,-0.016702,-0.753971,0.000000,-49.685596,-0.500000,-17.135065,1.000000;;
  }
  FrameMeshName {  1; "Pine04.x"; }
 }

 Frame Pine03 {
  

  FrameTransformMatrix {
   0.204356,-0.000000,-0.819628,0.000000,-0.021455,0.844430,-0.005349,0.000000,0.819347,0.022112,0.204286,0.000000,-62.691719,-0.500000,-24.408621,1.000000;;
  }
  FrameMeshName {  1; "Pine04.x"; }
 }

 Frame Pine04 {
  

  FrameTransformMatrix {
   0.364205,0.031269,0.818017,0.000000,-0.012718,0.895431,-0.028566,0.000000,-0.818516,0.000000,0.364427,0.000000,-58.710255,-0.500000,-39.645111,1.000000;;
  }
  FrameMeshName {  1; "Pine04.x"; }
 }

 Frame Pine05 {
  

  FrameTransformMatrix {
   -0.858043,0.000000,-0.456230,0.000000,-0.023877,0.970462,0.044906,0.000000,0.455604,0.050860,-0.856867,0.000000,-50.481888,-0.500000,-53.819870,1.000000;;
  }
  FrameMeshName {  1; "Pine04.x"; }
 }

 Frame Pine06 {
  

  FrameTransformMatrix {
   0.859869,0.015241,-0.151618,0.000000,-0.017653,0.873001,-0.012363,0.000000,0.151356,0.015238,0.859915,0.000000,-36.944904,-0.500000,-54.988510,1.000000;;
  }
  FrameMeshName {  1; "Pine04.x"; }
 }

 Frame Pine07 {
  

  FrameTransformMatrix {
   -0.669029,0.017452,0.743032,0.000000,0.011678,0.999848,-0.012970,0.000000,-0.743145,-0.000000,-0.669131,0.000000,-28.185677,-0.500000,-49.255936,1.000000;;
  }
  FrameMeshName {  1; "Pine04.x"; }
 }

 Frame Pine08 {
  

  FrameTransformMatrix {
   0.069756,0.000000,-0.997564,0.000000,0.034814,0.999391,0.002434,0.000000,0.996956,-0.034899,0.069714,0.000000,-18.099295,-0.500000,-39.276482,1.000000;;
  }
  FrameMeshName {  1; "Pine04.x"; }
 }


 Frame Rock01 {
  

  FrameTransformMatrix {
   0.994820,0.099692,-0.019859,0.000000,-0.101651,0.975650,-0.194358,0.000000,0.000000,0.195370,0.980730,0.000000,-47.383640,0.954599,-9.391218,1.000000;;
  }
  FrameMeshName {  1; "Rock.x"; }
 }

 Frame Rock02 {
  

  FrameTransformMatrix {
   0.738266,0.040411,0.673298,0.000000,0.114398,0.976241,-0.184030,0.000000,-0.664738,0.212887,0.716103,0.000000,-44.521145,0.615344,-8.858795,1.000000;;
  }
  FrameMeshName {  1; "Rock.x"; }
 }

 Frame Rock03 {
  

  FrameTransformMatrix {
   0.103487,0.080193,0.991393,0.000000,0.140832,0.985521,-0.094419,0.000000,-0.984610,0.149391,0.090695,0.000000,-41.392441,0.191276,-9.258114,1.000000;;
  }
  FrameMeshName {  1; "Rock.x"; }
 }

 Frame Rock04 {
  

  FrameTransformMatrix {
   -0.582950,0.075240,0.809017,0.000000,0.128006,0.991773,0.000000,0.000000,-0.802361,0.103559,-0.587785,0.000000,-38.130627,-0.306085,-8.858795,1.000000;;
  }
  FrameMeshName {  1; "Rock.x"; }
 }

 Frame Rock05 {
  

  FrameTransformMatrix {
   -0.977552,-0.034137,0.207912,0.000000,-0.034899,0.999391,0.000000,0.000000,-0.207785,-0.007256,-0.978148,0.000000,-34.602604,-0.500000,-9.923643,1.000000;;
  }
  FrameMeshName {  1; "Rock.x"; }
 }

 Frame Rock06 {
  

  FrameTransformMatrix {
   -0.866025,0.000000,-0.500000,0.000000,0.000000,1.000000,0.000000,0.000000,0.500000,0.000000,-0.866025,0.000000,-31.753727,-0.500000,-11.464281,1.000000;;
  }
  FrameMeshName {  1; "Rock.x"; }
 }

 Frame Rock07 {
  

  FrameTransformMatrix {
   -0.309017,0.000000,-0.951057,0.000000,0.000000,1.000000,0.000000,0.000000,0.951057,0.000000,-0.309017,0.000000,-29.024338,-0.500000,-13.194658,1.000000;;
  }
  FrameMeshName {  1; "Rock.x"; }
 }

 Frame Rock08 {
  

  FrameTransformMatrix {
   0.406737,0.000000,-0.913545,0.000000,0.000000,1.000000,0.000000,0.000000,0.913545,0.000000,0.406737,0.000000,-26.126610,-0.500000,-14.817511,1.000000;;
  }
  FrameMeshName {  1; "Rock.x"; }
 }

 Frame Rock09 {
  

  FrameTransformMatrix {
   0.913545,0.000000,-0.406737,0.000000,0.000000,1.000000,0.000000,0.000000,0.406737,0.000000,0.913545,0.000000,-23.284557,-0.500000,-16.949841,1.000000;;
  }
  FrameMeshName {  1; "Rock.x"; }
 }

 Frame Rock10 {
  

  FrameTransformMatrix {
   0.951056,0.000000,0.309017,0.000000,0.000000,1.000000,0.000000,0.000000,-0.309017,0.000000,0.951056,0.000000,-20.556641,-0.500000,-18.856754,1.000000;;
  }
  FrameMeshName {  1; "Rock.x"; }
 }

 Frame Rock11 {
  

  FrameTransformMatrix {
   0.969350,-0.245684,0.000000,0.000000,0.245684,0.969350,0.000000,0.000000,0.000000,0.000000,1.000000,0.000000,-69.198410,1.037975,-34.395508,1.000000;;
  }
  FrameMeshName {  1; "Rock.x"; }
 }

 Frame Rock12 {
  

  FrameTransformMatrix {
   0.725812,-0.159565,0.669131,0.000000,0.214715,0.976677,-0.000000,0.000000,-0.653524,0.143673,0.743145,0.000000,-69.263954,1.037975,-30.808483,1.000000;;
  }
  FrameMeshName {  1; "Rock.x"; }
 }

 Frame Rock13 {
  

  FrameTransformMatrix {
   0.093757,-0.046214,0.994522,0.000000,0.442120,0.896956,-0.000000,0.000000,-0.892042,0.439698,0.104528,0.000000,-68.931274,0.640496,-26.966785,1.000000;;
  }
  FrameMeshName {  1; "Rock.x"; }
 }

 Frame Rock14 {
  

  FrameTransformMatrix {
   -0.572885,0.196091,0.795834,0.000000,0.223733,0.971499,-0.078318,0.000000,-0.788509,0.133187,-0.600429,0.000000,-67.485985,0.452691,-21.815800,1.000000;;
  }
  FrameMeshName {  1; "Rock.x"; }
 }

 Frame Rock15 {
  

  FrameTransformMatrix {
   -0.964353,0.167482,0.204873,0.000000,0.133369,0.976316,-0.170352,0.000000,-0.228551,-0.136955,-0.963850,0.000000,-65.436920,0.452691,-18.777918,1.000000;;
  }
  FrameMeshName {  1; "Rock.x"; }
 }

 Frame Rock16 {
  

  FrameTransformMatrix {
   -0.873866,-0.071534,-0.480875,0.000000,0.072232,0.959035,-0.273926,0.000000,0.480771,-0.274109,-0.832901,0.000000,-62.759567,0.195219,-16.350365,1.000000;;
  }
  FrameMeshName {  1; "Rock.x"; }
 }

 Frame Rock17 {
  

  FrameTransformMatrix {
   -0.321423,-0.302105,-0.897452,0.000000,0.044149,0.941932,-0.332890,0.000000,0.945906,-0.146620,-0.289421,0.000000,-60.073303,0.452691,-14.175833,1.000000;;
  }
  FrameMeshName {  1; "Rock.x"; }
 }

 Frame Rock18 {
  

  FrameTransformMatrix {
   0.399321,-0.179752,-0.899017,0.000000,0.042656,0.983172,-0.177632,0.000000,0.915819,0.032584,0.400268,0.000000,-56.816078,0.712990,-12.447645,1.000000;;
  }
  FrameMeshName {  1; "Rock.x"; }
 }

 Frame Rock19 {
  

  FrameTransformMatrix {
   0.915682,-0.023126,-0.401237,0.000000,-0.046929,0.985362,-0.163891,0.000000,0.399154,0.168901,0.901193,0.000000,-53.851662,1.391364,-10.263443,1.000000;;
  }
  FrameMeshName {  1; "Rock.x"; }
 }

 Frame Rock20 {
  

  FrameTransformMatrix {
   0.953023,0.003931,0.302871,0.000000,0.059032,0.978331,-0.198451,0.000000,-0.297088,0.207008,0.932141,0.000000,-50.877907,1.052633,-9.672293,1.000000;;
  }
  FrameMeshName {  1; "Rock.x"; }
 }

 Frame Rock21 {
  

  FrameTransformMatrix {
   0.978621,-0.205632,0.003969,0.000000,0.201409,0.962071,0.183992,0.000000,-0.041653,-0.179259,0.982920,0.000000,-51.384865,0.896912,-61.213116,1.000000;;
  }
  FrameMeshName {  1; "Rock.x"; }
 }

 Frame Rock22 {
  

  FrameTransformMatrix {
   0.734532,-0.196443,0.649517,0.000000,0.151805,0.980491,0.124869,0.000000,-0.661376,0.006879,0.750023,0.000000,-54.303909,1.037975,-60.137726,1.000000;;
  }
  FrameMeshName {  1; "Rock.x"; }
 }

 Frame Rock23 {
  

  FrameTransformMatrix {
   0.104528,0.000000,0.994522,0.000000,0.000000,1.000000,0.000000,0.000000,-0.994522,0.000000,0.104528,0.000000,-57.088528,0.967635,-57.852524,1.000000;;
  }
  FrameMeshName {  1; "Rock.x"; }
 }

 Frame Rock24 {
  

  FrameTransformMatrix {
   -0.590680,-0.203479,0.780829,0.000000,0.204100,0.898539,0.388551,0.000000,-0.780666,0.388876,-0.489219,0.000000,-59.873146,0.920044,-55.432892,1.000000;;
  }
  FrameMeshName {  1; "Rock.x"; }
 }

 Frame Rock25 {
  

  FrameTransformMatrix {
   -0.971838,0.110918,0.207912,0.000000,0.113396,0.993550,-0.000000,0.000000,-0.206571,0.023576,-0.978148,0.000000,-62.254498,0.795986,-53.147690,1.000000;;
  }
  FrameMeshName {  1; "Rock.x"; }
 }

 Frame Rock26 {
  

  FrameTransformMatrix {
   -0.827151,0.154115,-0.540434,0.000000,0.183168,0.983082,0.000000,0.000000,0.531291,-0.098990,-0.841386,0.000000,-64.227608,0.795986,-50.699295,1.000000;;
  }
  FrameMeshName {  1; "Rock.x"; }
 }

 Frame Rock27 {
  

  FrameTransformMatrix {
   -0.291767,0.125109,-0.948272,0.000000,0.329440,0.943892,0.023168,0.000000,0.897965,-0.305639,-0.316612,0.000000,-66.076225,1.037975,-47.501892,1.000000;;
  }
  FrameMeshName {  1; "Rock.x"; }
 }

 Frame Rock28 {
  

  FrameTransformMatrix {
   0.388949,-0.118968,-0.913545,0.000000,0.292494,0.956267,0.000000,0.000000,0.873594,-0.267207,0.406737,0.000000,-67.419853,0.881128,-44.082283,1.000000;;
  }
  FrameMeshName {  1; "Rock.x"; }
 }

 Frame Rock29 {
  

  FrameTransformMatrix {
   0.900678,-0.152789,-0.406737,0.000000,0.167249,0.985915,-0.000000,0.000000,0.401008,-0.068026,0.913545,0.000000,-68.284325,0.881811,-41.020847,1.000000;;
  }
  FrameMeshName {  1; "Rock.x"; }
 }

 Frame Rock30 {
  

  FrameTransformMatrix {
   0.903599,-0.259608,0.340753,0.000000,0.276134,0.961119,-0.000000,0.000000,-0.327505,0.094094,0.940153,0.000000,-69.064201,1.037975,-37.825386,1.000000;;
  }
  FrameMeshName {  1; "Rock.x"; }
 }

 Frame Rock31 {
  

  FrameTransformMatrix {
   -0.996463,0.000000,-0.084037,0.000000,0.000000,1.000000,0.000000,0.000000,0.084037,0.000000,-0.996463,0.000000,-20.054314,-0.500000,-54.144379,1.000000;;
  }
  FrameMeshName {  1; "Rock.x"; }
 }

 Frame Rock32 {
  

  FrameTransformMatrix {
   -0.684285,0.000000,-0.729215,0.000000,0.000000,1.000000,0.000000,0.000000,0.729215,0.000000,-0.684285,0.000000,-22.770479,-0.500000,-56.412331,1.000000;;
  }
  FrameMeshName {  1; "Rock.x"; }
 }

 Frame Rock33 {
  

  FrameTransformMatrix {
   -0.020582,0.000000,-0.999788,0.000000,0.000000,1.000000,0.000000,0.000000,0.999788,0.000000,-0.020582,0.000000,-25.486637,-0.738828,-58.142578,1.000000;;
  }
  FrameMeshName {  1; "Rock.x"; }
 }

 Frame Rock34 {
  

  FrameTransformMatrix {
   0.653693,0.000000,-0.756760,0.000000,0.000000,1.000000,0.000000,0.000000,0.756760,0.000000,0.653693,0.000000,-28.471642,-0.653004,-59.200714,1.000000;;
  }
  FrameMeshName {  1; "Rock.x"; }
 }

 Frame Rock35 {
  

  FrameTransformMatrix {
   0.992160,0.005363,-0.124861,0.000000,-0.000000,0.999079,0.042912,0.000000,0.124976,-0.042575,0.991246,0.000000,-31.725491,-0.871604,-60.258850,1.000000;;
  }
  FrameMeshName {  1; "Rock.x"; }
 }

 Frame Rock36 {
  

  FrameTransformMatrix {
   0.820944,-0.085222,0.564614,0.000000,-0.000000,0.988800,0.149249,0.000000,-0.571009,-0.122525,0.811749,0.000000,-34.961105,-0.874272,-61.500092,1.000000;;
  }
  FrameMeshName {  1; "Rock.x"; }
 }

 Frame Rock37 {
  

  FrameTransformMatrix {
   0.228000,-0.170956,0.958535,0.000000,0.000000,0.984465,0.175580,0.000000,-0.973661,-0.040032,0.224458,0.000000,-37.695503,-0.357604,-63.181664,1.000000;;
  }
  FrameMeshName {  1; "Rock.x"; }
 }

 Frame Rock38 {
  

  FrameTransformMatrix {
   -0.482069,-0.243061,0.841742,0.000000,-0.000000,0.960747,0.277425,0.000000,-0.876133,0.133738,-0.463147,0.000000,-41.227863,0.116860,-63.787460,1.000000;;
  }
  FrameMeshName {  1; "Rock.x"; }
 }

 Frame Rock39 {
  

  FrameTransformMatrix {
   -0.944495,-0.132106,0.300795,0.000000,-0.000000,0.915589,0.402116,0.000000,-0.328526,0.379797,-0.864769,0.000000,-44.879227,0.859857,-64.172684,1.000000;;
  }
  FrameMeshName {  1; "Rock.x"; }
 }

 Frame Rock40 {
  

  FrameTransformMatrix {
   -0.917163,0.165092,-0.362707,0.000000,0.099352,0.976140,0.193080,0.000000,0.385929,0.141050,-0.911682,0.000000,-48.240971,0.795986,-62.237099,1.000000;;
  }
  FrameMeshName {  1; "Rock.x"; }
 }

 Frame Rock41 {
  

  FrameTransformMatrix {
   -0.970093,0.000000,-0.242735,0.000000,0.000000,1.000000,0.000000,0.000000,0.242735,0.000000,-0.970093,0.000000,-4.324628,-0.500000,-28.133051,1.000000;;
  }
  FrameMeshName {  1; "Rock.x"; }
 }

 Frame Rock42 {
  

  FrameTransformMatrix {
   -0.558498,0.000000,-0.829506,0.000000,0.000000,1.000000,0.000000,0.000000,0.829506,0.000000,-0.558498,0.000000,-7.636527,-0.500000,-28.468372,1.000000;;
  }
  FrameMeshName {  1; "Rock.x"; }
 }

 Frame Rock43 {
  

  FrameTransformMatrix {
   0.140003,0.000000,-0.990151,0.000000,0.000000,1.000000,0.000000,0.000000,0.990151,0.000000,0.140003,0.000000,-10.794258,-0.500000,-30.380331,1.000000;;
  }
  FrameMeshName {  1; "Rock.x"; }
 }

 Frame Rock44 {
  

  FrameTransformMatrix {
   0.766583,0.000000,-0.642145,0.000000,0.000000,1.000000,0.000000,0.000000,0.642145,0.000000,0.766583,0.000000,-9.534262,-0.500000,-33.397690,1.000000;;
  }
  FrameMeshName {  1; "Rock.x"; }
 }

 Frame Rock45 {
  

  FrameTransformMatrix {
   0.999361,0.000000,0.035737,0.000000,0.000000,1.000000,0.000000,0.000000,-0.035737,0.000000,0.999361,0.000000,-10.960484,-0.500000,-36.269733,1.000000;;
  }
  FrameMeshName {  1; "Rock.x"; }
 }

 Frame Rock46 {
  

  FrameTransformMatrix {
   0.718757,0.000000,0.695261,0.000000,0.000000,1.000000,0.000000,0.000000,-0.695261,0.000000,0.718757,0.000000,-10.102630,-0.500000,-39.550499,1.000000;;
  }
  FrameMeshName {  1; "Rock.x"; }
 }

 Frame Rock47 {
  

  FrameTransformMatrix {
   0.068921,0.000000,0.997622,0.000000,0.000000,1.000000,0.000000,0.000000,-0.997622,0.000000,0.068921,0.000000,-11.261131,-0.500000,-42.293564,1.000000;;
  }
  FrameMeshName {  1; "Rock.x"; }
 }

 Frame Rock48 {
  

  FrameTransformMatrix {
   -0.616322,0.000000,0.787494,0.000000,0.000000,1.000000,0.000000,0.000000,-0.787494,0.000000,-0.616322,0.000000,-11.613091,-0.500000,-45.439896,1.000000;;
  }
  FrameMeshName {  1; "Rock.x"; }
 }

 Frame Rock49 {
  

  FrameTransformMatrix {
   -0.984953,0.000000,0.172823,0.000000,0.000000,1.000000,0.000000,0.000000,-0.172823,0.000000,-0.984953,0.000000,-13.981408,-0.500000,-48.451809,1.000000;;
  }
  FrameMeshName {  1; "Rock.x"; }
 }

 Frame Rock50 {
  

  FrameTransformMatrix {
   -0.847604,0.000000,-0.530630,0.000000,0.000000,1.000000,0.000000,0.000000,0.530630,0.000000,-0.847604,0.000000,-16.752995,-0.500000,-51.463726,1.000000;;
  }
  FrameMeshName {  1; "Rock.x"; }
 }

 Frame Rock51 {
  

  FrameTransformMatrix {
   1.000000,0.000000,0.000000,0.000000,0.000000,1.000000,0.000000,0.000000,0.000000,0.000000,1.000000,0.000000,-16.897556,-0.500000,-18.395697,1.000000;;
  }
  FrameMeshName {  1; "Rock.x"; }
 }

 Frame Rock52 {
  

  FrameTransformMatrix {
   0.743145,0.000000,0.669131,0.000000,0.000000,1.000000,0.000000,0.000000,-0.669131,0.000000,0.743145,0.000000,-13.498683,-0.500000,-19.874359,1.000000;;
  }
  FrameMeshName {  1; "Rock.x"; }
 }

 Frame Rock53 {
  

  FrameTransformMatrix {
   0.104528,0.000000,0.994522,0.000000,0.000000,1.000000,0.000000,0.000000,-0.994522,0.000000,0.104528,0.000000,-9.965387,-0.500000,-19.202240,1.000000;;
  }
  FrameMeshName {  1; "Rock.x"; }
 }

 Frame Rock54 {
  

  FrameTransformMatrix {
   -0.587785,0.000000,0.809017,0.000000,0.000000,1.000000,0.000000,0.000000,-0.809017,0.000000,-0.587785,0.000000,-6.692490,-0.500000,-19.033440,1.000000;;
  }
  FrameMeshName {  1; "Rock.x"; }
 }

 Frame Rock55 {
  

  FrameTransformMatrix {
   -0.978148,0.000000,0.207912,0.000000,0.000000,1.000000,0.000000,0.000000,-0.207912,0.000000,-0.978148,0.000000,-3.436490,-0.500000,-18.664545,1.000000;;
  }
  FrameMeshName {  1; "Rock.x"; }
 }

 Frame Rock56 {
  

  FrameTransformMatrix {
   -0.866025,0.000000,-0.500000,0.000000,0.000000,1.000000,0.000000,0.000000,0.500000,0.000000,-0.866025,0.000000,-0.172042,-0.392389,-18.395697,1.000000;;
  }
  FrameMeshName {  1; "Rock.x"; }
 }

 Frame Rock57 {
  

  FrameTransformMatrix {
   -0.309017,0.000000,-0.951057,0.000000,0.000000,1.000000,0.000000,0.000000,0.951057,0.000000,-0.309017,0.000000,2.957983,-0.345753,-17.858002,1.000000;;
  }
  FrameMeshName {  1; "Rock.x"; }
 }

 Frame Rock58 {
  

  FrameTransformMatrix {
   0.406737,0.000000,-0.913545,0.000000,0.000000,1.000000,0.000000,0.000000,0.913545,0.000000,0.406737,0.000000,6.356855,-0.500000,-18.126850,1.000000;;
  }
  FrameMeshName {  1; "Rock.x"; }
 }

 Frame Rock59 {
  

  FrameTransformMatrix {
   0.913545,0.000000,-0.406737,0.000000,0.000000,1.000000,0.000000,0.000000,0.406737,0.000000,0.913545,0.000000,9.755732,-0.500000,-17.723579,1.000000;;
  }
  FrameMeshName {  1; "Rock.x"; }
 }

 Frame Rock60 {
  

  FrameTransformMatrix {
   0.951056,0.000000,0.309017,0.000000,0.000000,1.000000,0.000000,0.000000,-0.309017,0.000000,0.951056,0.000000,13.020184,-0.500000,-17.858002,1.000000;;
  }
  FrameMeshName {  1; "Rock.x"; }
 }

 Frame Rock61 {
  

  FrameTransformMatrix {
   -0.999810,0.000000,0.019476,0.000000,0.000000,1.000000,0.000000,0.000000,-0.019476,0.000000,-0.999810,0.000000,7.119602,-0.500000,-4.191225,1.000000;;
  }
  FrameMeshName {  1; "Rock.x"; }
 }

 Frame Rock62 {
  

  FrameTransformMatrix {
   -0.756036,0.000000,-0.654530,0.000000,0.000000,1.000000,0.000000,0.000000,0.654530,0.000000,-0.756036,0.000000,3.852099,-0.500000,-5.690241,1.000000;;
  }
  FrameMeshName {  1; "Rock.x"; }
 }

 Frame Rock63 {
  

  FrameTransformMatrix {
   -0.123878,0.000000,-0.992297,0.000000,0.000000,1.000000,0.000000,0.000000,0.992297,0.000000,-0.123878,0.000000,0.488614,-0.500000,-3.963217,1.000000;;
  }
  FrameMeshName {  1; "Rock.x"; }
 }

 Frame Rock64 {
  

  FrameTransformMatrix {
   0.951056,0.000000,0.309017,0.000000,0.000000,1.000000,0.000000,0.000000,-0.309017,0.000000,0.951056,0.000000,-1.769057,-0.741347,9.219792,1.000000;;
  }
  FrameMeshName {  1; "Rock.x"; }
 }

 Frame Rock65 {
  

  FrameTransformMatrix {
   0.973913,0.000000,-0.226923,0.000000,0.000000,1.000000,0.000000,0.000000,0.226923,0.000000,0.973913,0.000000,-1.795494,-0.500000,0.096151,1.000000;;
  }
  FrameMeshName {  1; "Rock.x"; }
 }

 Frame Rock66 {
  

  FrameTransformMatrix {
   0.875599,0.000000,0.483038,0.000000,0.000000,1.000000,0.000000,0.000000,-0.483038,0.000000,0.875599,0.000000,13.438822,-0.500000,-28.373808,1.000000;;
  }
  FrameMeshName {  1; "Rock.x"; }
 }

 Frame Rock67 {
  

  FrameTransformMatrix {
   0.327482,0.000000,0.944858,0.000000,0.000000,1.000000,0.000000,0.000000,-0.944858,0.000000,0.327482,0.000000,10.342785,-0.500000,-28.704254,1.000000;;
  }
  FrameMeshName {  1; "Rock.x"; }
 }

 Frame Rock68 {
  

  FrameTransformMatrix {
   -0.388867,0.000000,0.921294,0.000000,0.000000,1.000000,0.000000,0.000000,-0.921294,0.000000,-0.388867,0.000000,7.045477,-0.500000,-27.988344,1.000000;;
  }
  FrameMeshName {  1; "Rock.x"; }
 }

 Frame Rock69 {
  

  FrameTransformMatrix {
   -0.905450,0.000000,0.424452,0.000000,0.000000,1.000000,0.000000,0.000000,-0.424452,0.000000,-0.905450,0.000000,2.975056,-0.500000,-27.795612,1.000000;;
  }
  FrameMeshName {  1; "Rock.x"; }
 }

 Frame Rock70 {
  

  FrameTransformMatrix {
   -0.956895,0.000000,-0.290435,0.000000,0.000000,1.000000,0.000000,0.000000,0.290435,0.000000,-0.956895,0.000000,-0.557673,-0.500000,-28.140572,1.000000;;
  }
  FrameMeshName {  1; "Rock.x"; }
 }

 Frame Rock71 {
  

  FrameTransformMatrix {
   0.800430,0.000000,0.599427,0.000000,0.000000,1.000000,0.000000,0.000000,-0.599427,0.000000,0.800430,0.000000,16.411581,-0.631075,-16.692707,1.000000;;
  }
  FrameMeshName {  1; "Rock.x"; }
 }

 Frame Rock72 {
  

  FrameTransformMatrix {
   0.193741,0.000000,0.981053,0.000000,0.000000,1.000000,0.000000,0.000000,-0.981053,0.000000,0.193741,0.000000,19.750315,-0.858940,-15.435816,1.000000;;
  }
  FrameMeshName {  1; "Rock.x"; }
 }

 Frame Rock73 {
  

  FrameTransformMatrix {
   -0.512475,0.000000,0.858702,0.000000,0.000000,1.000000,0.000000,0.000000,-0.858702,0.000000,-0.512475,0.000000,22.954624,-1.084902,-14.178924,1.000000;;
  }
  FrameMeshName {  1; "Rock.x"; }
 }

 Frame Rock74 {
  

  FrameTransformMatrix {
   -0.955427,0.000000,0.295227,0.000000,0.000000,1.000000,0.000000,0.000000,-0.295227,0.000000,-0.955427,0.000000,26.427786,-0.858940,-12.922030,1.000000;;
  }
  FrameMeshName {  1; "Rock.x"; }
 }

 Frame Rock75 {
  

  FrameTransformMatrix {
   -0.907566,0.000000,-0.419909,0.000000,0.000000,1.000000,0.000000,0.000000,0.419909,0.000000,-0.907566,0.000000,29.766520,-0.631075,-11.127445,1.000000;;
  }
  FrameMeshName {  1; "Rock.x"; }
 }

 Frame Rock76 {
  

  FrameTransformMatrix {
   -0.393479,0.000000,-0.919334,0.000000,0.000000,1.000000,0.000000,0.000000,0.919334,0.000000,-0.393479,0.000000,32.701984,-0.500000,-8.929585,1.000000;;
  }
  FrameMeshName {  1; "Rock.x"; }
 }

 Frame Rock77 {
  

  FrameTransformMatrix {
   0.322742,0.000000,-0.946487,0.000000,0.000000,1.000000,0.000000,0.000000,0.946487,0.000000,0.322742,0.000000,34.562057,-0.500000,-6.059608,1.000000;;
  }
  FrameMeshName {  1; "Rock.x"; }
 }

 Frame Rock78 {
  

  FrameTransformMatrix {
   0.873168,0.000000,-0.487420,0.000000,0.000000,1.000000,0.000000,0.000000,0.487420,0.000000,0.873168,0.000000,36.287704,-0.500000,-3.189632,1.000000;;
  }
  FrameMeshName {  1; "Rock.x"; }
 }

 Frame Rock79 {
  

  FrameTransformMatrix {
   0.975038,0.000000,0.222039,0.000000,0.000000,1.000000,0.000000,0.000000,-0.222039,0.000000,0.975038,0.000000,38.551048,-0.500000,0.083616,1.000000;;
  }
  FrameMeshName {  1; "Rock.x"; }
 }

 Frame Rock80 {
  

  FrameTransformMatrix {
   0.576021,0.000000,0.817435,0.000000,0.000000,1.000000,0.000000,0.000000,-0.817435,0.000000,0.576021,0.000000,39.873425,-0.500000,3.491289,1.000000;;
  }
  FrameMeshName {  1; "Rock.x"; }
 }

 Frame Rock81 {
  

  FrameTransformMatrix {
   -0.757517,0.000000,-0.652816,0.000000,0.000000,1.000000,0.000000,0.000000,0.652816,0.000000,-0.757517,0.000000,51.680256,-0.500000,1.052784,1.000000;;
  }
  FrameMeshName {  1; "Rock.x"; }
 }

 Frame Rock82 {
  

  FrameTransformMatrix {
   -0.126125,0.000000,-0.992014,0.000000,0.000000,1.000000,0.000000,0.000000,0.992014,0.000000,-0.126125,0.000000,50.755276,-0.500000,-2.514729,1.000000;;
  }
  FrameMeshName {  1; "Rock.x"; }
 }

 Frame Rock83 {
  

  FrameTransformMatrix {
   0.570058,0.000000,-0.821605,0.000000,0.000000,1.000000,0.000000,0.000000,0.821605,0.000000,0.570058,0.000000,49.695873,-0.500000,-5.544546,1.000000;;
  }
  FrameMeshName {  1; "Rock.x"; }
 }

 Frame Rock84 {
  

  FrameTransformMatrix {
   0.973396,0.000000,-0.229128,0.000000,0.000000,1.000000,0.000000,0.000000,0.229128,0.000000,0.973396,0.000000,47.964352,-0.500000,-8.439939,1.000000;;
  }
  FrameMeshName {  1; "Rock.x"; }
 }

 Frame Rock85 {
  

  FrameTransformMatrix {
   0.876691,0.000000,0.481054,0.000000,0.000000,1.000000,0.000000,0.000000,-0.481054,0.000000,0.876691,0.000000,46.232826,-0.500000,-11.604177,1.000000;;
  }
  FrameMeshName {  1; "Rock.x"; }
 }

 Frame Rock86 {
  

  FrameTransformMatrix {
   0.329621,0.000000,0.944113,0.000000,0.000000,1.000000,0.000000,0.000000,-0.944113,0.000000,0.329621,0.000000,43.425915,-0.500000,-13.961876,1.000000;;
  }
  FrameMeshName {  1; "Rock.x"; }
 }

 Frame Rock87 {
  

  FrameTransformMatrix {
   -0.386779,0.000000,0.922172,0.000000,0.000000,1.000000,0.000000,0.000000,-0.922172,0.000000,-0.386779,0.000000,41.022270,-0.500000,-16.453995,1.000000;;
  }
   FrameMeshName {  1; "Rock.x"; }
}

 Frame Rock88 {
  

  FrameTransformMatrix {
   -0.904487,0.000000,0.426502,0.000000,0.000000,1.000000,0.000000,0.000000,-0.426502,0.000000,-0.904487,0.000000,38.349785,-0.500000,-18.811695,1.000000;;
  }
   FrameMeshName {  1; "Rock.x"; }
}

 Frame Rock89 {
  

  FrameTransformMatrix {
   -0.957550,0.000000,-0.288267,0.000000,0.000000,1.000000,0.000000,0.000000,0.288267,0.000000,-0.957550,0.000000,8.306808,-0.500000,2.489568,1.000000;;
  }
   FrameMeshName {  1; "Rock.x"; }
}

 Frame Rock90 {
  

  FrameTransformMatrix {
   -0.518710,0.000000,-0.854950,0.000000,0.000000,1.000000,0.000000,0.000000,0.854950,0.000000,-0.518710,0.000000,8.938351,-0.500000,-1.111976,1.000000;;
  }
   FrameMeshName {  1; "Rock.x"; }
}

 Frame Rock91 {
  

  FrameTransformMatrix {
   -0.281462,0.000000,0.959572,0.000000,0.000000,1.000000,0.000000,0.000000,-0.959572,0.000000,-0.281462,0.000000,39.675194,-0.500000,7.317799,1.000000;;
  }
   FrameMeshName {  1; "Rock.x"; }
}

 Frame Rock92 {
  

  FrameTransformMatrix {
   -0.851246,0.000000,0.524766,0.000000,0.000000,1.000000,0.000000,0.000000,-0.524766,0.000000,-0.851246,0.000000,40.713978,-0.500000,10.459454,1.000000;;
  }
   FrameMeshName {  1; "Rock.x"; }
}

 Frame Rock93 {
  

  FrameTransformMatrix {
   -0.983737,0.000000,-0.179618,0.000000,0.000000,1.000000,0.000000,0.000000,0.179618,0.000000,-0.983737,0.000000,40.005257,-0.500000,13.735528,1.000000;;
  }
   FrameMeshName {  1; "Rock.x"; }
}

 Frame Rock94 {
  

  FrameTransformMatrix {
   -0.610871,0.000000,-0.791730,0.000000,0.000000,1.000000,0.000000,0.000000,0.791730,0.000000,-0.610871,0.000000,38.758835,-0.500000,17.146027,1.000000;;
  }
   FrameMeshName {  1; "Rock.x"; }
}

 Frame Rock95 {
  

  FrameTransformMatrix {
   0.075805,0.000000,-0.997123,0.000000,0.000000,1.000000,0.000000,0.000000,0.997123,0.000000,0.075805,0.000000,37.646843,-0.500000,20.556532,1.000000;;
  }
   FrameMeshName {  1; "Rock.x"; }
}

 Frame Rock96 {
  

  FrameTransformMatrix {
   0.723539,0.000000,-0.690283,0.000000,0.000000,1.000000,0.000000,0.000000,0.690283,0.000000,0.723539,0.000000,35.325027,-0.500000,23.698185,1.000000;;
  }
   FrameMeshName {  1; "Rock.x"; }
}

 Frame Rock97 {
  

  FrameTransformMatrix {
   0.999584,0.000000,-0.028838,0.000000,0.000000,1.000000,0.000000,0.000000,0.028838,0.000000,0.999584,0.000000,33.540916,-0.500000,26.570990,1.000000;;
  }
   FrameMeshName {  1; "Rock.x"; }
}

 Frame Rock98 {
  

  FrameTransformMatrix {
   0.762132,0.000000,0.647422,0.000000,0.000000,1.000000,0.000000,0.000000,-0.647422,0.000000,0.762132,0.000000,31.084679,-0.500000,29.040522,1.000000;;
  }
  FrameMeshName {  1; "Rock.x"; }
 }

 Frame Rock99 {
  

  FrameTransformMatrix {
   0.133165,0.000000,0.991094,0.000000,0.000000,1.000000,0.000000,0.000000,-0.991094,0.000000,0.133165,0.000000,25.348312,-0.500000,29.792294,1.000000;;
  }
  FrameMeshName {  1; "Rock.x"; }
 }

 Frame Rock100 {
  

  FrameTransformMatrix {
   -0.564211,0.000000,0.825631,0.000000,0.000000,1.000000,0.000000,0.000000,-0.825631,0.000000,-0.564211,0.000000,24.503929,-0.500000,32.671017,1.000000;;
  }
  FrameMeshName {  1; "Rock.x"; }
 }

 Frame Rock101 {
  

  FrameTransformMatrix {
   0.043979,0.000000,-0.999032,0.000000,0.000000,1.000000,0.000000,0.000000,0.999032,0.000000,0.043979,0.000000,44.275162,-0.500000,34.338135,1.000000;;
  }
   FrameMeshName {  1; "Rock.x"; }
}

 Frame Rock102 {
  

  FrameTransformMatrix {
   0.701166,0.000000,-0.712998,0.000000,0.000000,1.000000,0.000000,0.000000,0.712998,0.000000,0.701166,0.000000,46.960953,-0.500000,32.019310,1.000000;;
  }
   FrameMeshName {  1; "Rock.x"; }
}

 Frame Rock103 {
  

  FrameTransformMatrix {
   0.998157,0.000000,-0.060689,0.000000,0.000000,1.000000,0.000000,0.000000,0.060689,0.000000,0.998157,0.000000,48.840206,-0.500000,29.162792,1.000000;;
  }
   FrameMeshName {  1; "Rock.x"; }
}

 Frame Rock104 {
  

  FrameTransformMatrix {
   0.782384,0.000000,0.622797,0.000000,0.000000,1.000000,0.000000,0.000000,-0.622797,0.000000,0.782384,0.000000,50.853886,-0.500000,26.171844,1.000000;;
  }
   FrameMeshName {  1; "Rock.x"; }
}

 Frame Rock105 {
  

  FrameTransformMatrix {
   0.164692,0.000000,0.986345,0.000000,0.000000,1.000000,0.000000,0.000000,-0.986345,0.000000,0.164692,0.000000,52.329865,-0.500000,22.643211,1.000000;;
  }
   FrameMeshName {  1; "Rock.x"; }
}

 Frame Rock106 {
  

  FrameTransformMatrix {
   -0.537603,0.000000,0.843198,0.000000,0.000000,1.000000,0.000000,0.000000,-0.843198,0.000000,-0.537603,0.000000,52.596031,-0.500000,19.114571,1.000000;;
  }
   FrameMeshName {  1; "Rock.x"; }
}

 Frame Rock107 {
  

  FrameTransformMatrix {
   -0.963727,0.000000,0.266891,0.000000,0.000000,1.000000,0.000000,0.000000,-0.266891,0.000000,-0.963727,0.000000,53.399899,-0.500000,15.585936,1.000000;;
  }
   FrameMeshName {  1; "Rock.x"; }
}

 Frame Rock108 {
  

  FrameTransformMatrix {
   -0.894774,0.000000,-0.446520,0.000000,0.000000,1.000000,0.000000,0.000000,0.446520,0.000000,-0.894774,0.000000,53.397217,-0.500000,11.788446,1.000000;;
  }
   FrameMeshName {  1; "Rock.x"; }
}

 Frame Rock109 {
  

  FrameTransformMatrix {
   -0.366166,0.000000,-0.930550,0.000000,0.000000,1.000000,0.000000,0.000000,0.930550,0.000000,-0.366166,0.000000,53.249138,-0.500000,8.147986,1.000000;;
  }
   FrameMeshName {  1; "Rock.x"; }
}

 Frame Rock110 {
  

  FrameTransformMatrix {
   0.350545,0.000000,-0.936546,0.000000,0.000000,1.000000,0.000000,0.000000,0.936546,0.000000,0.350545,0.000000,52.171074,-0.500000,4.888190,1.000000;;
  }
   FrameMeshName {  1; "Rock.x"; }
}

 Frame Rock111 {
  

  FrameTransformMatrix {
   -0.612533,0.000000,0.790445,0.000000,0.000000,1.000000,0.000000,0.000000,-0.790445,0.000000,-0.612533,0.000000,22.072475,-0.500000,35.548103,1.000000;;
  }
   FrameMeshName {  1; "Rock.x"; }
}

 Frame Rock112 {
  

  FrameTransformMatrix {
   -0.984112,0.000000,0.177551,0.000000,0.000000,1.000000,0.000000,0.000000,-0.177551,0.000000,-0.984112,0.000000,19.565449,-0.500000,38.048996,1.000000;;
  }
   FrameMeshName {  1; "Rock.x"; }
}

 Frame Rock113 {
  

  FrameTransformMatrix {
   -0.850142,0.000000,-0.526554,0.000000,0.000000,1.000000,0.000000,0.000000,0.526554,0.000000,-0.850142,0.000000,17.461697,-0.500000,40.549877,1.000000;;
  }
   FrameMeshName {  1; "Rock.x"; }
}

 Frame Rock114 {
  

  FrameTransformMatrix {
   -0.279446,0.000000,-0.960162,0.000000,0.000000,1.000000,0.000000,0.000000,0.960162,0.000000,-0.279446,0.000000,15.626789,-0.500000,43.319618,1.000000;;
  }
   FrameMeshName {  1; "Rock.x"; }
}

 Frame Rock115 {
  

  FrameTransformMatrix {
   0.434805,0.000000,-0.900525,0.000000,0.000000,1.000000,0.000000,0.000000,0.900525,0.000000,0.434805,0.000000,12.850923,-0.500000,45.820511,1.000000;;
  }
   FrameMeshName {  1; "Rock.x"; }
}

 Frame Rock116 {
  

  FrameTransformMatrix {
   0.925692,0.000000,-0.378279,0.000000,0.000000,1.000000,0.000000,0.000000,0.378279,0.000000,0.925692,0.000000,11.016017,-0.500000,48.321396,1.000000;;
  }
   FrameMeshName {  1; "Rock.x"; }
}

 Frame Rock117 {
  

  FrameTransformMatrix {
   0.941041,0.000000,0.338293,0.000000,0.000000,1.000000,0.000000,0.000000,-0.338293,0.000000,0.941041,0.000000,10.256501,-0.500000,51.628830,1.000000;;
  }
   FrameMeshName {  1; "Rock.x"; }
}

 Frame Rock118 {
  

  FrameTransformMatrix {
   0.472968,0.000000,0.881080,0.000000,0.000000,1.000000,0.000000,0.000000,-0.881080,0.000000,0.472968,0.000000,9.362570,-0.500000,55.205116,1.000000;;
  }
   FrameMeshName {  1; "Rock.x"; }
}

 Frame Rock119 {
  

  FrameTransformMatrix {
   -0.238074,0.000000,0.971247,0.000000,0.000000,1.000000,0.000000,0.000000,-0.971247,0.000000,-0.238074,0.000000,9.409595,-0.500000,58.781387,1.000000;;
  }
   FrameMeshName {  1; "Rock.x"; }
}

 Frame Rock120 {
  

  FrameTransformMatrix {
   -0.826814,0.000000,0.562475,0.000000,0.000000,1.000000,0.000000,0.000000,-0.562475,0.000000,-0.826814,0.000000,9.859892,-0.500000,62.088821,1.000000;;
  }
   FrameMeshName {  1; "Rock.x"; }
}

 Frame Rock121 {
  

  FrameTransformMatrix {
   0.790406,0.000000,-0.612584,0.000000,0.000000,1.000000,0.000000,0.000000,0.612584,0.000000,0.790406,0.000000,21.437408,-0.500000,57.010639,1.000000;;
  }
   FrameMeshName {  1; "Rock.x"; }
}

 Frame Rock122 {
  

  FrameTransformMatrix {
   0.997284,0.000000,0.073646,0.000000,0.000000,1.000000,0.000000,0.000000,-0.073646,0.000000,0.997284,0.000000,22.595337,-0.500000,54.370125,1.000000;;
  }
   FrameMeshName {  1; "Rock.x"; }
}

 Frame Rock123 {
  

  FrameTransformMatrix {
   0.691848,0.000000,0.722043,0.000000,0.000000,1.000000,0.000000,0.000000,-0.722043,0.000000,0.691848,0.000000,24.828659,-0.500000,51.864029,1.000000;;
  }
   FrameMeshName {  1; "Rock.x"; }
}

 Frame Rock124 {
  

  FrameTransformMatrix {
   0.031002,0.000000,0.999519,0.000000,0.000000,1.000000,0.000000,0.000000,-0.999519,0.000000,0.031002,0.000000,27.599667,-0.500000,49.223503,1.000000;;
  }
   FrameMeshName {  1; "Rock.x"; }
}

 Frame Rock125 {
  

  FrameTransformMatrix {
   -0.645770,0.000000,0.763532,0.000000,0.000000,1.000000,0.000000,0.000000,-0.763532,0.000000,-0.645770,0.000000,31.042795,-0.500000,49.271454,1.000000;;
  }
  FrameMeshName {  1; "Rock.x"; }
 }

 Frame Rock126 {
  

  FrameTransformMatrix {
   -0.990803,0.000000,0.135310,0.000000,0.000000,1.000000,0.000000,0.000000,-0.135310,0.000000,-0.990803,0.000000,31.528605,-0.500000,46.227673,1.000000;;
  }
  FrameMeshName {  1; "Rock.x"; }
 }

 Frame Rock127 {
  

  FrameTransformMatrix {
   -0.826851,0.000000,-0.562422,0.000000,0.000000,1.000000,0.000000,0.000000,0.562422,0.000000,-0.826851,0.000000,33.761917,-0.500000,43.990421,1.000000;;
  }
  FrameMeshName {  1; "Rock.x"; }
 }

 Frame Rock128 {
  

  FrameTransformMatrix {
   -0.238136,0.000000,-0.971232,0.000000,0.000000,1.000000,0.000000,0.000000,0.971232,0.000000,-0.238136,0.000000,36.532932,-0.500000,41.618744,1.000000;;
  }
  FrameMeshName {  1; "Rock.x"; }
 }

 Frame Rock129 {
  

  FrameTransformMatrix {
   0.472911,0.000000,-0.881110,0.000000,0.000000,1.000000,0.000000,0.000000,0.881110,0.000000,0.472911,0.000000,39.303944,-0.500000,39.515923,1.000000;;
  }
  FrameMeshName {  1; "Rock.x"; }
 }

 Frame Rock130 {
  

  FrameTransformMatrix {
   0.941019,0.000000,-0.338353,0.000000,0.000000,1.000000,0.000000,0.000000,0.338353,0.000000,0.941019,0.000000,41.806107,-0.500000,37.144245,1.000000;;
  }
  FrameMeshName {  1; "Rock.x"; }
 }

 Frame Rock131 {
  

  FrameTransformMatrix {
   0.460755,0.000000,0.887527,0.000000,0.000000,1.000000,0.000000,0.000000,-0.887527,0.000000,0.460755,0.000000,10.098473,-0.500000,65.984421,1.000000;;
  }
  FrameMeshName {  1; "Rock.x"; }
 }

 Frame Rock132 {
  

  FrameTransformMatrix {
   -0.251464,0.000000,0.967867,0.000000,0.000000,1.000000,0.000000,0.000000,-0.967867,0.000000,-0.251464,0.000000,11.075438,-0.500000,69.851349,1.000000;;
  }
  FrameMeshName {  1; "Rock.x"; }
 }

 Frame Rock133 {
  

  FrameTransformMatrix {
   -0.834503,0.000000,0.551003,0.000000,0.000000,1.000000,0.000000,0.000000,-0.551003,0.000000,-0.834503,0.000000,12.455673,-0.500000,73.046158,1.000000;;
  }
  FrameMeshName {  1; "Rock.x"; }
 }

 Frame Rock134 {
  

  FrameTransformMatrix {
   -0.988850,0.000000,-0.148917,0.000000,0.000000,1.000000,0.000000,0.000000,0.148917,0.000000,-0.988850,0.000000,14.104758,-0.500000,75.972122,1.000000;;
  }
  FrameMeshName {  1; "Rock.x"; }
 }

 Frame Rock135 {
  

  FrameTransformMatrix {
   -0.635214,0.000000,-0.772336,0.000000,0.000000,1.000000,0.000000,0.000000,0.772336,0.000000,-0.635214,0.000000,16.291546,-0.500000,78.898079,1.000000;;
  }
  FrameMeshName {  1; "Rock.x"; }
 }

 Frame Rock136 {
  

  FrameTransformMatrix {
   0.044738,0.000000,-0.998999,0.000000,0.000000,1.000000,0.000000,0.000000,0.998999,0.000000,0.044738,0.000000,18.478325,-0.500000,81.555199,1.000000;;
  }
  FrameMeshName {  1; "Rock.x"; }
 }

 Frame Rock137 {
  

  FrameTransformMatrix {
   0.701708,0.000000,-0.712465,0.000000,0.000000,1.000000,0.000000,0.000000,0.712465,0.000000,0.701708,0.000000,19.992985,-0.500000,84.750008,1.000000;;
  }
  FrameMeshName {  1; "Rock.x"; }
 }

 Frame Rock138 {
  

  FrameTransformMatrix {
   0.998203,0.000000,-0.059931,0.000000,0.000000,1.000000,0.000000,0.000000,0.059931,0.000000,0.998203,0.000000,21.507645,-0.500000,87.944817,1.000000;;
  }
  FrameMeshName {  1; "Rock.x"; }
 }

 Frame Rock139 {
  

  FrameTransformMatrix {
   0.781910,0.000000,0.623391,0.000000,0.000000,1.000000,0.000000,0.000000,-0.623391,0.000000,0.781910,0.000000,24.097696,-0.500000,90.870781,1.000000;;
  }
  FrameMeshName {  1; "Rock.x"; }
 }

 Frame Rock140 {
  

  FrameTransformMatrix {
   0.163943,0.000000,0.986470,0.000000,0.000000,1.000000,0.000000,0.000000,-0.986470,0.000000,0.163943,0.000000,26.822174,-0.500000,93.259048,1.000000;;
  }
  FrameMeshName {  1; "Rock.x"; }
 }

 Frame Rock141 {
  

  FrameTransformMatrix {
   -0.779369,0.000000,-0.626565,0.000000,0.000000,1.000000,0.000000,0.000000,0.626565,0.000000,-0.779369,0.000000,37.901337,-0.500000,86.987503,1.000000;;
  }
  FrameMeshName {  1; "Rock.x"; }
 }

 Frame Rock142 {
  

  FrameTransformMatrix {
   -0.159930,0.000000,-0.987128,0.000000,0.000000,1.000000,0.000000,0.000000,0.987128,0.000000,-0.159930,0.000000,35.432232,-0.500000,84.573967,1.000000;;
  }
  FrameMeshName {  1; "Rock.x"; }
 }

 Frame Rock143 {
  

  FrameTransformMatrix {
   0.541666,0.000000,-0.840594,0.000000,0.000000,1.000000,0.000000,0.000000,0.840594,0.000000,0.541666,0.000000,32.828709,-0.500000,82.294868,1.000000;;
  }
  FrameMeshName {  1; "Rock.x"; }
 }

 Frame Rock144 {
  

  FrameTransformMatrix {
   0.965003,0.000000,-0.262237,0.000000,0.000000,1.000000,0.000000,0.000000,0.262237,0.000000,0.965003,0.000000,30.359604,-0.500000,79.612488,1.000000;;
  }
  FrameMeshName {  1; "Rock.x"; }
 }

 Frame Rock145 {
  

  FrameTransformMatrix {
   0.892608,0.000000,0.450833,0.000000,0.000000,1.000000,0.000000,0.000000,-0.450833,0.000000,0.892608,0.000000,28.697046,-0.500000,76.526833,1.000000;;
  }
  FrameMeshName {  1; "Rock.x"; }
 }

 Frame Rock146 {
  

  FrameTransformMatrix {
   0.361671,0.000000,0.932306,0.000000,0.000000,1.000000,0.000000,0.000000,-0.932306,0.000000,0.361671,0.000000,26.362370,-0.500000,73.710045,1.000000;;
  }
  FrameMeshName {  1; "Rock.x"; }
 }

 Frame Rock147 {
  

  FrameTransformMatrix {
   -0.355060,0.000000,0.934843,0.000000,0.000000,1.000000,0.000000,0.000000,-0.934843,0.000000,-0.355060,0.000000,24.699802,-0.500000,71.027664,1.000000;;
  }
  FrameMeshName {  1; "Rock.x"; }
 }

 Frame Rock148 {
  

  FrameTransformMatrix {
   -0.889394,0.000000,0.457142,0.000000,0.000000,1.000000,0.000000,0.000000,-0.457142,0.000000,-0.889394,0.000000,23.037247,-0.500000,68.076431,1.000000;;
  }
  FrameMeshName {  1; "Rock.x"; }
 }

 Frame Rock149 {
  

  FrameTransformMatrix {
   -0.966836,0.000000,-0.255398,0.000000,0.000000,1.000000,0.000000,0.000000,0.255398,0.000000,-0.966836,0.000000,21.643528,-0.500000,64.587517,1.000000;;
  }
  FrameMeshName {  1; "Rock.x"; }
 }

 Frame Rock150 {
  

  FrameTransformMatrix {
   -0.547605,0.000000,-0.836737,0.000000,0.000000,1.000000,0.000000,0.000000,0.836737,0.000000,-0.547605,0.000000,20.921940,-0.500000,60.695328,1.000000;;
  }
  FrameMeshName {  1; "Rock.x"; }
 }

 Frame Rock151 {
  

  FrameTransformMatrix {
   0.703343,0.000000,0.710851,0.000000,0.000000,1.000000,0.000000,0.000000,-0.710851,0.000000,0.703343,0.000000,29.485826,-0.500000,95.404877,1.000000;;
  }
  FrameMeshName {  1; "Rock.x"; }
 }

 Frame Rock152 {
  

  FrameTransformMatrix {
   0.047034,0.000000,0.998893,0.000000,0.000000,1.000000,0.000000,0.000000,-0.998893,0.000000,0.047034,0.000000,31.727190,-0.500000,97.801903,1.000000;;
  }
  FrameMeshName {  1; "Rock.x"; }
 }

 Frame Rock153 {
  

  FrameTransformMatrix {
   -0.633437,0.000000,0.773794,0.000000,0.000000,1.000000,0.000000,0.000000,-0.773794,0.000000,-0.633437,0.000000,34.506241,-0.500000,99.795654,1.000000;;
  }
  FrameMeshName {  1; "Rock.x"; }
 }

 Frame Rock154 {
  

  FrameTransformMatrix {
   -0.988505,0.000000,0.151189,0.000000,0.000000,1.000000,0.000000,0.000000,-0.151189,0.000000,-0.988505,0.000000,37.150871,-0.500000,101.654968,1.000000;;
  }
  FrameMeshName {  1; "Rock.x"; }
 }

